74
10.0,8.0
20.0,8.0
30.0,8.0
40.0,8.0
50.0,8.0
60.0,8.0
70.0,8.0
80.0,8.0
90.0,8.0
100.0,8.0
110.0,8.0
120.0,8.0
130.0,8.0
140.0,8.0
150.0,8.0
160.0,8.0
170.0,8.0
180.0,8.0
190.0,8.0
200.0,8.0
210.0,8.0
220.0,8.0
230.0,8.0
240.0,8.0
250.0,8.0
260.0,8.0
270.0,8.0
280.0,8.0
290.0,8.0
300.0,8.0
310.0,8.0
320.0,8.0
330.0,8.0
340.0,8.0
350.0,8.0
360.0,8.0
370.0,8.0
380.0,8.0
390.0,8.0
400.0,8.0
410.0,8.0
420.0,8.0
430.0,8.0
440.0,8.0
450.0,8.0
460.0,8.0
470.0,8.0
480.0,8.0
490.0,8.0
500.0,8.0
510.0,8.0
520.0,8.0
530.0,8.0
540.0,8.0
550.0,8.0
560.0,8.0
570.0,8.0
580.0,8.0
590.0,8.0
600.0,8.0
610.0,8.0
620.0,8.0
630.0,8.0
640.0,8.0
650.0,8.0
660.0,8.0
670.0,8.0
680.0,8.0
690.0,8.0
700.0,8.0
710.0,8.0
720.0,8.0
730.0,8.0
740.0,8.0
